100 3201 4
100 3201 3
100 3201 2
100 3201 1
100 3201 0
100 1601 5
100 1601 4
100 1601 3
100 1601 2
100 1601 1
100 1601 0
100 801 6
100 801 5
100 801 4
100 801 3
100 801 2
100 801 1
100 801 0
100 401 7
100 401 6
100 401 5
100 401 4
100 401 3
100 401 2
100 401 1
100 401 0
100 201 8
100 201 7
100 201 6
100 201 5
100 201 4
100 201 3
100 201 2
100 201 1
100 201 0
100 101 9
100 101 8
100 101 7
100 101 6
100 101 5
100 101 4
100 101 3
100 101 2
100 101 1
100 101 0
100 51 10
100 51 9
100 51 8
100 51 7
100 51 6
100 51 5
100 51 4
100 51 3
100 51 2
100 51 1
100 26 10
100 26 9
100 26 8
100 26 7
100 26 6
100 26 5
100 26 4
100 26 3
100 26 2
100 26 1
100 26 0
